0 0.06467977171845275 0.32545045045045046 0.024096385542168676 0.09234234234234234
0 0.22511097019657578 0.31981981981981983 0.024096385542168676 0.09009009009009009
0 0.359860494610019 0.32207207207207206 0.028535193405199746 0.12612612612612611
0 0.6265060240963856 0.3355855855855856 0.03424223208623969 0.13063063063063063
0 0.7945466074825618 0.3310810810810811 0.040583386176284084 0.15315315315315314
0 0.9587824984147115 0.30855855855855857 0.04185161699429296 0.15765765765765766
0 0.05897273303741281 0.46846846846846846 0.032974001268230815 0.12612612612612611
0 0.22859860494610018 0.46621621621621623 0.03868103994927077 0.13963963963963963
0 0.36049461001902344 0.46396396396396394 0.027266962587190868 0.12612612612612611
0 0.45624603677869374 0.47635135135135137 0.03868103994927077 0.15990990990990991
0 0.6258719086873811 0.5247747747747747 0.030437539632213063 0.19369369369369369
0 0.7970830691185796 0.5236486486486487 0.03551046290424857 0.18693693693693694
0 0.9616360177552314 0.48873873873873874 0.033608116677235254 0.14414414414414414
