0 0.009245562130177515 0.17625 0.015532544378698224 0.08750000000000001
0 0.10872781065088757 0.185 0.02514792899408284 0.125
0 0.23335798816568046 0.1975 0.030325443786982247 0.155
0 0.6386834319526628 0.1975 0.03772189349112426 0.19
0 0.8202662721893491 0.17875 0.022189349112426034 0.1075
0 0.9149408284023668 0.1825 0.023668639053254437 0.14
0 0.010724852071005916 0.42875 0.01997041420118343 0.1525
0 0.10909763313609468 0.4475 0.036242603550295856 0.16
0 0.3783284023668639 0.43625 0.02440828402366864 0.14250000000000002
0 0.63646449704142 0.44625000000000004 0.03920118343195266 0.1875
0 0.8232248520710059 0.44875 0.026627218934911243 0.1875
0 0.9197485207100592 0.4325 0.030325443786982247 0.165
