0 0.013316423589093214 0.32091346153846156 0.019023462270133164 0.14182692307692307
0 0.3579581483830057 0.3197115384615385 0.02599873176918199 0.13942307692307693
0 0.7111604311984782 0.3197115384615385 0.03614457831325301 0.15865384615384617
0 0.8012048192771084 0.3112980769230769 0.0424857324032974 0.16105769230769232
0 0.9090044388078631 0.31490384615384615 0.03741280913126189 0.1778846153846154
0 0.9863665187064046 0.3269230769230769 0.02599873176918199 0.1826923076923077
0 0.014901712111604312 0.5120192307692308 0.028535193405199746 0.15865384615384617
0 0.35003170577045023 0.49759615384615385 0.03804692454026633 0.15384615384615385
0 0.7105263157894737 0.4915865384615385 0.03487634749524413 0.13701923076923078
0 0.8037412809131261 0.5012019230769231 0.04375396322130628 0.18028846153846154
0 0.9109067850348763 0.5180288461538461 0.03868103994927077 0.18509615384615385
0 0.9860494610019024 0.515625 0.02663284717818643 0.1466346153846154
