0 0.10056035135544449 0.05977182539682543 0.13247225287207112 0.48139880952380953
1 0.16357283485861404 0.23692602040816332 0.2525475433244629 0.5044288548752834
1 0.27742800891369723 0.2227536848072563 0.2941952792020942 0.4229379251700681
1 0.37072975487332593 0.24578373015873023 0.40426429545012005 0.44242488662131524
3 0.05269249908050451 0.1483489229024944 0.06729625062201162 0.19972363945578236
3 0.4729560156638758 0.1713789682539683 0.5067609960840311 0.24224064625850344
3 0.3682957962830748 0.4920280612244897 0.4012894571731464 0.5646612811791384
3 0.4691698578568183 0.5292304421768707 0.5056792367105861 0.6443806689342404
2 0.5170377101317583 0.08103032879818596 0.5313710218299041 0.21035289115646258
2 0.5375911382272128 0.08457341269841272 0.5484087319616624 0.20503826530612249
2 0.5505722507085524 0.08457341269841272 0.5613898444430021 0.212124433106576
4 0.546786092901495 0.2900722789115647 0.5611194045996409 0.44065334467120193
0 0.6465783951017936 0.08457341269841272 0.6914714090997599 0.4707695578231293
2 0.7055342809545445 0.0774872448979592 0.7144587957854656 0.20149518140589576
2 0.7160814348456329 0.0774872448979592 0.7279807879535277 0.24932681405895693
3 0.7512386144825945 0.585919784580499 0.7763895199151901 0.6744968820861679
