2 0.012249334081656288 0.08493814192343609 0.028952971465733047 0.23374766573295983
1 0.012249334081656288 0.24541900093370683 0.026446594831386002 0.5806977019663587
1 0.0599103794175553 0.25125466853408035 0.07188048851607477 0.48297204453920883
1 0.10044453946958155 0.27605625583566756 0.11018066572464282 0.4394750254841998
3 0.18863974485750684 0.19727474323062566 0.20111179410428415 0.26000816993464054
3 0.2547861488984508 0.21040499533146598 0.26859448913595424 0.2687616713352008
1 0.23451906887243765 0.26584383753501406 0.2514454214216354 0.4875992063492064
3 0.28886156916196737 0.2045693277310925 0.30066547291338164 0.27605625583566756
2 0.28039839288736845 0.0980683940242764 0.2922022966387827 0.18560340802987868
3 0.3271685775627834 0.2147817460317461 0.3469902272585545 0.3227415966386554
3 0.36658916178920453 0.18706232492997202 0.3817337930174341 0.3037756769374416
3 0.3835155143384023 0.20602824463118588 0.4015554427132052 0.3037756769374416
3 0.4140274919599825 0.18122665732959856 0.42761311703236493 0.26730275443510737
1 0.4329582809952695 0.20019257703081236 0.46257939795636566 0.45112628384687214
1 0.5532244701606222 0.21332282913165268 0.569928107544699 0.39422852474323067
1 0.5779458534890558 0.2366654995331466 0.5924223392219223 0.4394549486461251
1 0.4645838344424548 0.22791199813258642 0.4783921746799583 0.4584208683473389
1 0.4795057505055634 0.25125466853408035 0.4888597874406464 0.45258520074696545
1 0.4919777997523407 0.24250116713352013 0.49977283053157656 0.4496673669467787
1 0.5028908428432708 0.25563141923436045 0.5117994494481118 0.4817635387488329
4 0.6590141735931083 0.2220763305322129 0.6739360896562169 0.39422852474323067
4 0.6913078725356566 0.25709033613445376 0.704002636947555 0.39860527544351076
1 0.7939795636564485 0.23374766573295983 0.8040017460868945 0.4204890289449113
3 0.8006610186100792 0.2147817460317461 0.8260505474338758 0.3066935107376284
4 0.8634666951742078 0.2249941643323997 0.8766068899163482 0.40152310924369744
4 0.874602453430259 0.26730275443510737 0.8870745026770364 0.37818043884220354
1 0.9463167365992285 0.25271358543417366 0.9592342161762477 0.3796393557422969
1 0.9652475256345155 0.22937091503267973 0.9750469928998405 0.3752626050420168
3 0.799770157949595 0.47446895424836605 0.8207053834709712 0.541579131652661
1 0.11198690614635827 0.274737876802097 0.14519394159174243 0.4321938255424494
