1 0.13190384338093458 0.2455089820359282 0.16890390051337575 0.46706586826347307
2 0.504897066385176 0.1017964071856288 0.5155073768863907 0.2275449101796407
2 0.6697649680194359 0.12375249500998009 0.6811914562515132 0.2455089820359282
4 0.6678605533140896 0.251497005988024 0.6825517524696177 0.47704590818363274
0 0.7163635693849233 0.09105105105105096 0.7429489045534555 0.49455755156353953
4 0.9703904322205205 0.23552894211576847 0.9940595864155379 0.46506986027944114
2 0.926588893997557 0.09381237524950103 0.9464492187818819 0.2335329341317366
4 0.9328462566008375 0.2714570858283433 0.9483536334872282 0.46706586826347307
5 0.7927416284981028 0.27207207207207207 0.8659270356226285 0.4756756756756757
5 0.8784520549627319 0.2792792792792793 0.929288898166681 0.48468468468468473
