3 0.10542826853594685 0.19086592970521546 0.1349062114623223 0.2989299886621315
1 0.2081954090132191 0.25818452380952384 0.23253499491573093 0.42116638321995464
2 0.20170485277254926 0.08811649659863952 0.21603816447069513 0.20858134920634927
1 0.15032128253391314 0.26172760770975056 0.1651954739187815 0.43533871882086167
2 0.4337422383764955 0.0721726190476191 0.48566668830185417 0.21566751700680278
3 0.5173081499751195 0.6178075396825397 0.5427294952510764 0.7223285147392291
1 0.5741005170809805 0.2510983560090703 0.5892451483092102 0.41939484126984133
1 0.6211570498258367 0.24046910430839002 0.6414400380779299 0.41408021541950124
2 0.7250059496765541 0.0774872448979592 0.7401505809047836 0.23869756235827672
3 0.6955280067501785 0.6036352040816326 0.770710283204604 0.7099277210884354
3 0.6968802059669847 0.09520266439909301 0.7693580839877978 0.26527069160997735
2 0.8807792994526299 0.0774872448979592 0.8970056900543043 0.2174390589569161
2 0.921074836113455 0.07040107709750569 0.9519049782566367 0.2245252267573696
2 0.8331818870210511 0.08634495464852611 0.8537353151165056 0.19972363945578236
4 0.8375089245148309 0.2794430272108844 0.8513013565262544 0.44065334467120193
4 0.8834836978862421 0.2900722789115647 0.8959239306808594 0.4495110544217687
3 0.10394796623544322 0.502937030075188 0.12636600588249358 0.6693687343358397
1 0.913089743896315 0.2503524436090226 0.9340132475668953 0.4716087092731829
3 0.8637700566728043 0.1974859022556391 0.8736339941175064 0.277764724310777
