3 0.17928570792242385 0.5605450513538749 0.20957497037888304 0.6685049019607843
3 0.17906299275730284 0.1549661531279179 0.20623424290206768 0.2147817460317461
2 0.2975474606016873 0.09660947712418305 0.3198189771137896 0.2147817460317461
0 0.4242723895555496 0.06743113912231566 0.43696715396744795 0.47446895424836605
3 0.5456521545465074 0.5605450513538749 0.5692599620493359 0.6816351540616247
3 0.5456521545465074 0.1637196545284781 0.569705392379578 0.22791199813258642
0 0.7305057415969568 0.07910247432306262 0.7554498400905114 0.50218837535014
3 0.6396379542275792 0.0893148926237162 0.6681454953630702 0.20894607843137258
3 0.8899697998236096 0.16663748832866485 0.9220407836010369 0.22645308123249303
3 0.8897470846584885 0.5094829598506069 0.9220407836010369 0.6072303921568627
1 0.9051144310518391 0.23812441643324003 0.923154359426642 0.4438316993464052
1 0.8525536520832777 0.2366654995331466 0.8670301378161441 0.3898517740429505
2 0.7663628831814416 0.10390406162464991 0.8249369716082707 0.19727474323062566
3 0.97059268959742 0.6641281512605042 0.9968730790817008 0.7793825863678807
1 0.25633370113152026 0.28121456916099774 0.2709374526730274 0.44419642857142855
1 0.5589558858527509 0.2670422335600907 0.590326907682655 0.44951105442176875
1 0.9524458579433591 0.28830073696145125 0.9640747712078925 0.44951105442176875
1 0.8751000627420438 0.277671485260771 0.8937604119339695 0.43888180272108845
