0 0.0420847173235626 0.1817610062893082 0.0643427045166592 0.4389937106918239
1 0.11844673492449402 0.32327044025157237 0.26569188097113305 0.46792452830188686
1 0.07324589939389783 0.31761006289308175 0.08934013628736769 0.41446540880503147
2 0.2156970174297161 0.17106918238993712 0.24737184535835352 0.279874213836478
2 0.291031743314043 0.1817610062893082 0.31688525151525526 0.28993710691823904
1 0.2817861178646029 0.30377358490566037 0.4000958805602164 0.4295597484276724
1 0.4235523747560182 0.3069182389937107 0.48724446118549464 0.44528301886792454
3 0.44803616066842444 0.22704402515723268 0.46635619628120395 0.3163522012578616
1 0.5927130774235524 0.2628930817610063 0.6374002670958463 0.4547169811320755
0 0.6683902338800808 0.18301886792452832 0.6826011026264425 0.4509433962264151
2 0.7526281546416465 0.18050314465408807 0.7791665239872616 0.2949685534591195
1 0.743553744478307 0.32264150943396225 0.776940725267952 0.4509433962264151
2 0.90552340512961 0.17735849056603772 0.9282950381810088 0.28238993710691823
1 0.906893127418416 0.3125786163522013 0.9281238228949081 0.46037735849056605
2 0.9724685819950006 0.1849056603773585 0.9894188953189742 0.2748427672955975
1 0.8019381570386604 0.2943396226415094 0.8705954867650584 0.43333333333333335
1 0.0032665682051101473 0.30834340991535675 0.03322199716026917 0.426440951229343
