3 0.14861135668292288 0.19578348580811633 0.17434976936144117 0.2969446399249355
3 0.2927464676826252 0.13274102744546096 0.30684664158477 0.20751231527093594
3 0.4706772335906428 0.11661388693408399 0.5100681956029838 0.19138517475955896
3 0.6510699346244317 0.5667077175697864 0.7108278144954263 0.6678688716866057
3 0.6524128083293979 0.12394440534834623 0.7106040022112652 0.17965634529673938
3 0.8679440379764684 0.5652416138869341 0.8800299013211638 0.6810638048322778
5 0.5146642977750955 0.28096126510305613 0.6353692690568059 0.4142235252309879
1 0.6460496246617887 0.27762970859985786 0.6545260973641561 0.4275497512437811
1 0.6577471569910557 0.27429815209665953 0.6669017475096123 0.4297707889125799
1 0.679955515471258 0.27762970859985786 0.6874148114493412 0.42643923240938164
1 0.7323401167718879 0.26874555792466237 0.7403080011121133 0.4231076759061833
