1 0.02107821256757427 0.37050709706959706 0.0006199474284580667 0.2360061813186813
3 0.0009299211426871001 0.16446314102564102 0.0158086594256807 0.22169757326007325
3 0.00030997371422903335 0.526470924908425 0.0167385805683678 0.5937213827838828
3 0.08307295541338094 0.6795730311355311 0.12708922283390367 0.7682864010989011
3 0.4032758022119724 0.14872367216117213 0.42311411992263054 0.21740499084249082
3 0.6661335118781927 0.1630322802197802 0.6834920398750186 0.2789320054945055
3 0.6993006993006993 0.14729281135531136 0.7178991221544412 0.25031478937728935
3 0.5743812924663989 0.15873969780219777 0.6373059564548926 0.22026671245421245
1 0.058895005703516336 0.2746394230769231 0.0753236125576551 0.46780563186813184
1 0.19187372910777165 0.28465544871794873 0.2052025988196201 0.4964228479853479
1 0.24921886624014283 0.2775011446886447 0.2609978673808461 0.46494391025641024
1 0.3604994296483658 0.2746394230769231 0.37785795764519164 0.3905391483516483
1 0.42125427763725637 0.2775011446886447 0.4342731736348757 0.37479967948717946
1 0.43830283191985314 0.2631925366300366 0.4510117542032435 0.37623054029304026
1 0.4575212022020533 0.2703468406593406 0.47054009819967263 0.37479967948717946
1 0.5012274959083469 0.26462339743589747 0.5154862867628824 0.37479967948717946
1 0.621807270743441 0.2760702838827839 0.6342062193126022 0.37479967948717946
1 0.6388558250260378 0.2803628663003663 0.6524946684521152 0.37479967948717946
1 0.6614839061647572 0.2903788919413919 0.6717130387343153 0.3647836538461538
1 0.6819421713038734 0.2903788919413919 0.697750830729554 0.37193795787545786
1 0.7008505678718444 0.2803628663003663 0.7138694638694638 0.38195398351648346
1 0.7206888855825025 0.2817937271062271 0.7330878341516639 0.38338484432234426
1 0.7662550215741705 0.2789320054945055 0.7774140752864157 0.3905391483516483
2 0.7203789118682736 0.08004235347985349 0.7541660467192381 0.17591002747252746
2 0.7826836284283092 0.09005837912087913 0.8118211575658383 0.18878777472527472
3 0.770594653573377 0.1787717490842491 0.807481525566632 0.32901213369963367
3 0.7346377027228091 0.19451121794871792 0.752926151862322 0.2817937271062271
3 0.8676164261270645 0.15444711538461536 0.8874547438377225 0.21740499084249082
1 0.1289490651192779 0.3164489531221049 0.1440014851721119 0.42877987770983883
1 0.15278206353626506 0.29097183620529926 0.1728519569400437 0.43920233463035024
1 0.5915601080763759 0.2828654808226793 0.6015950547782654 0.36161293311098763
1 0.7897503054386903 0.31297480081526774 0.8007887468107685 0.3928803038725218
