1 0.10103125612384872 0.23415798611111113 0.12277091906721539 0.4821738591269842
1 0.02080883793846758 0.26515997023809523 0.05112188908485206 0.4868241567460318
2 0.09766313932980601 0.09309895833333333 0.12246472663139331 0.20005580357142858
1 0.25535224377816973 0.25430927579365087 0.27127425044091713 0.4341207837301588
1 0.6530962179110328 0.2636098710317461 0.7017808152067412 0.43722098214285715
1 0.5649127963942779 0.27756076388888895 0.5796100333137371 0.4542720734126985
1 0.5967568097197727 0.2605096726190476 0.6068611601019009 0.4465215773809524
1 0.7826156182637665 0.27291046626984133 0.8009871644130904 0.43102058531746035
2 0.8971315892612189 0.08844866071428571 0.9246889084852049 0.2450086805555556
1 0.8994708994708994 0.24985827664399096 0.9199070574731949 0.5446428571428571
1 0.9341808739956888 0.27446056547619047 0.9455099941211054 0.4542720734126985
1 0.9494904957867921 0.28221106150793657 0.9599010386047424 0.4387710813492064
1 0.9635753478346072 0.2605096726190476 0.9733735057809133 0.46047247023809523
1 0.611760239075054 0.28531125992063494 0.6212522045855381 0.43257068452380953
1 0.6224769743288263 0.28221106150793657 0.6341122868900648 0.42637028769841273
3 0.8802910052910055 0.20005580357142858 0.8910077405447776 0.2946118551587302
0 0.3003835278967554 0.08120748299319727 0.31941994904957866 0.4312641723356009
0 0.37932868620699306 0.07412131519274376 0.40844321267601685 0.445436507936508
