0 0.007533357262821109 0.07125093843843844 0.02237850245720388 0.4008774399399399
2 0.13803769337463384 0.07594313063063063 0.15797893318798384 0.158056493993994
3 0.2550263002796205 0.12990334084084085 0.2723087081178571 0.2436890015015015
5 0.19520258083957048 0.27418825075075076 0.3250422089576049 0.3844547672672672
2 0.35672662332770544 0.07711617867867866 0.36935607520949376 0.16040259009009009
3 0.4750446462202487 0.10409628378378377 0.4827995728143293 0.17682526276276278
3 0.4737152302326921 0.5932573198198198 0.48390741947062654 0.698831644144144
0 0.5147055565156893 0.07242398648648647 0.5357546429853365 0.378589527027027
0 0.6011175957068726 0.08415446696696698 0.6184000035451093 0.37976257507507505
0 0.05063486373148142 0.05848340395480226 0.06751732014973282 0.42372881355932207
0 0.5823280282124604 0.06289724576271187 0.6037958431640641 0.39172846045197746
0 0.6444387938005953 0.06289724576271187 0.6588201455642909 0.4060734463276836
