3 0.12464387464387464 0.15157735522904064 0.13762132406200203 0.2650172860847018
0 0.19254913322709932 0.07054883318928266 0.22333285045149454 0.48289397868049555
3 0.3697064078420011 0.5423148948429847 0.3923414940364093 0.7007706712762892
3 0.3730262204838476 0.15337798905214636 0.3884180790960452 0.27582108902333624
0 0.49012506639625275 0.05794439642754248 0.5420348640687623 0.4954984154422357
0 0.578854604278333 0.061545664073753996 0.6117509295475397 0.486495246326707
2 0.6205031628760442 0.056143762604436764 0.6389130329808296 0.22720397579948146
2 0.826029745521271 0.056143762604436764 0.8468540248201265 0.21279890521463557
1 0.14140932846262638 0.21208429222508005 0.15105242060520802 0.4478588511348766
1 0.25788275512596526 0.2696177970308199 0.28000514298247603 0.4704210098822255
3 0.4983928179762363 0.18839402554036366 0.5108721136901655 0.2944361716529037
1 0.5596548151173432 0.2290059112855918 0.5753484748787995 0.4140156130138531
0 0.9347900074875773 0.06768647624204684 0.9459457415348776 0.45011506700961146
0 0.8712590474893925 0.06881458417941429 0.883360182727142 0.48170208925589997
