2 0.2137952559300874 0.09219473379629632 0.2647732001664586 0.2278284143518519
2 0.46036204744069914 0.09400318287037042 0.4863712026633375 0.22240306712962965
1 0.7157719517270079 0.18080873842592593 0.7386600083229298 0.40505642361111116
3 0.3849354972950479 0.1699580439814815 0.4187473990844778 0.2965494791666667
3 0.380253849354973 0.5768590856481483 0.42186849771119433 0.7577039930555557
4 0.07681887002948441 0.2903368794326241 0.09785640290062952 0.46320921985815605
4 0.10518766435572555 0.3025265957446808 0.13260020718782373 0.4654255319148936
4 0.36178181528408637 0.30141843971631205 0.4029006295322336 0.4598847517730496
4 0.465056976651526 0.3058510638297872 0.48513825802852817 0.45766843971631205
3 0.2776316837995059 0.18284574468085105 0.2875129492389832 0.29587765957446804
1 0.6537572714957367 0.23714539007092197 0.6725635508805482 0.47096631205673756
0 0.9565702446410073 0.09197695035460991 0.9798390309984859 0.4609929078014184
1 0.28377391331375196 0.2701417704011065 0.30055791256779646 0.4700466804979253
1 0.542993457348439 0.29283367911479946 0.4805196823472733 0.4408713692946058
3 0.8721463316083112 0.1588433609958506 0.9038494413103951 0.2744640387275242
3 0.9265389217834552 0.17505186721991703 0.9501608466595178 0.27338347164591975
