4 0.17133090713281537 0.303030303030303 0.2028439781733739 0.5126262626262625
4 0.29793873598125253 0.3347039473684211 0.31895281758980076 0.5151515151515151
4 0.32065568282359697 0.3445723684210526 0.6498400635156656 0.5277777777777777
2 0.0017217054448934667 0.18832236842105263 0.015770343623711706 0.28207236842105265
2 0.01995504435782778 0.19490131578947367 0.029520074607235946 0.2787828947368421
2 0.032509146560176 0.1850328947368421 0.06568784523781056 0.28042763157894735
2 0.06957363877663263 0.19325657894736847 0.09587747196250508 0.2886513157894737
2 0.10245343025897319 0.1833881578947369 0.1568545398024821 0.28042763157894735
2 0.17359334273894642 0.1751644736842105 0.1984026399483488 0.27713815789473684
3 0.3299218058777111 0.1850328947368421 0.45456610631531125 0.29523026315789475
1 0.7543700231951984 0.34786184210526316 0.7773858772328368 0.5238486842105263
2 0.615975991774074 0.1916118421052632 0.6482579688658265 0.2787828947368421
2 0.558884717472919 0.17845394736842107 0.5819005715105574 0.29194078947368424
2 0.7190989741505057 0.1850328947368421 0.6889093474258113 0.28207236842105265
4 0.0018334182350538742 0.3324915824915825 0.1685773378185918 0.5134680134680134
4 0.6885430099878078 0.3535353535353535 0.7162316792030559 0.5151515151515151
4 0.8956726128466247 0.33754208754208753 0.9993903903490454 0.5168350168350169
