1 0.3360335362215061 0.36419172932330823 0.3554272586227473 0.44936560150375937
0 0.29948382861916695 0.2457315162907268 0.3218612006205991 0.48069392230576435
0 0.3695995942236543 0.23398339598997492 0.39943609022556387 0.4748198621553884
3 0.635517364840673 0.5688048245614035 0.6716941162429884 0.6197133458646615
3 0.6306689342403627 0.29174498746867167 0.6746777658431793 0.3397164786967418
1 0.8197577276524645 0.3514645989974937 0.8391514500537056 0.44153352130325807
1 0.8421350996538965 0.35048558897243104 0.8626476906552094 0.45719768170426056
1 0.9379848430600309 0.3573386591478696 0.9808260109599394 0.45185391865079366
1 0.7086167800453514 0.3602756892230576 0.7309941520467835 0.450344611528822
1 0.5948651390380713 0.3632127192982456 0.6243286788399569 0.45523966165413526
1 0.5139336436328917 0.3602756892230576 0.5407864900346103 0.4601347117794486
