1 0.003722084367245642 0.1663930581613509 0.03267162944582298 0.28248123827392124
1 0.13916459884201818 0.1663930581613509 0.18706920319823545 0.3692542213883678
2 0.2232561345464571 0.07492964352720453 0.2515164047422112 0.25433864915572235
2 0.495175075820237 0.06554878048780492 0.5375654811138681 0.2261960600375235
1 0.5203336090432864 0.2414399624765479 0.5544527157430382 0.38567073170731714
1 0.6292390405293631 0.2109521575984991 0.6564653984008821 0.39739681050656667
2 0.2566859663633857 0.06437617260787996 0.27770885028949543 0.20274390243902443
2 0.28287841191067 0.06672138836772987 0.3028673835125448 0.21329737335834897
1 0.25530741659773915 0.22150562851782366 0.26874827681279295 0.38567073170731714
1 0.4779432037496553 0.2508208255159475 0.4944858009374138 0.37511726078799257
1 0.22187758478081057 0.2602016885553471 0.2518610421836228 0.3985694183864916
